51523	0
55253	4
54561	5
45576	3
50360	7
52172	0
49178	1
49653	2
43923	3
48699	3
54899	0
52597	0
52134	10
55508	1
42490	6
43274	2
41749	2
55600	4
48312	8
54512	5
45131	3
42839	10
42965	6
49648	8
51990	1
55500	2
55899	7
48042	3
50423	4
41001	1
45826	6
54455	1
52802	1
51815	5
52981	3
44131	9
53806	0
43828	8
48255	3
40780	1
41745	9
41871	5
50366	0
54500	8
45989	5
47506	1
44815	3
54021	10
48504	6
49725	3
55055	1
45169	6
53623	0
44041	8
47635	2
46461	0
45119	5
52586	3
43291	4
50545	7
45948	9
49854	10
54443	4
43216	10
50496	2
52327	8
48368	1
52274	2
51407	8
46286	4
51103	5
43333	6
41285	2
51921	0
41243	5
45974	3
42296	9
45073	10
43850	3
54090	1
55010	7
47494	4
47923	1
43326	3
45715	8
48102	3
53611	3
54040	0
54911	1
51046	1
54174	0
53045	0
48489	3
46019	10
50009	4
42493	1
54827	7
41936	4
50921	6
44705	1
41980	10
53353	9
48702	3
52305	3
41152	7
46183	5
55115	1
50518	3
51343	0
45666	7
43846	10
54340	4
53690	8
55595	0
41882	5
42311	2
41915	2
54215	9
43611	0
54382	6
48174	5
45871	3
49568	10
52509	3
43569	3
41999	1
48774	0
40836	8
54417	0
45612	8
50818	7
47349	7
54375	3
51684	5
54199	6
42870	1
51425	10
56156	8
45164	3
42566	4
55067	1
53459	3
50077	8
42475	2
50989	10
41084	2
53626	0
47258	10
47030	3
49553	8
43827	10
52759	6
47429	8
43082	5
56275	1
44644	3
54279	7
41817	1
46688	10
41380	0
53934	9
50677	8
52194	4
43778	10
56320	8
46501	3
53580	5
54835	1
51707	2
53007	0
50062	6
50753	3
48679	10
52147	8
41155	3
42504	6
47489	0
54400	9
41113	6
44629	1
52440	1
44233	1
49009	1
42158	6
54955	2
43458	4
48530	3
47980	8
42759	3
55301	1
40980	7
46589	8
55092	7
49093	0
50707	8
56122	1
51820	0
55176	6
52960	9
43663	0
44396	0
49796	7
47535	8
53036	4
47956	1
43755	3
48135	3
47357	1
53558	0
45182	5
54944	1
48302	0
56084	10
56285	0
41877	1
54902	4
52995	2
44609	0
41843	8
43218	0
55551	4
52471	2
41364	10
43176	3
54302	8
46095	8
54777	9
43355	5
48086	3
43135	2
42610	0
42401	6
54420	0
47824	3
46527	10
55418	5
54244	3
49647	5
52820	6
49218	8
52154	2
47261	5
51114	0
48736	4
41306	4
55411	2
50847	1
48686	3
41170	0
52155	3
55107	5
45642	3
42260	8
44259	7
43172	10
52242	7
41645	0
45155	1
54461	9
41907	6
54012	3
41121	0
40912	6
46334	1
53413	3
55312	1
42903	1
45300	10
46809	2
45426	6
45855	3
48378	8
54578	5
51061	2
41470	4
42685	7
49898	9
52884	4
44818	6
54621	3
53447	1
51239	8
56015	8
54404	5
56056	9
47157	10
45848	0
49103	3
47492	0
42686	8
40679	5
49274	1
42207	10
41033	8
42199	6
40950	10
55263	0
43928	1
41465	10
52793	7
53872	0
44408	0
51132	3
48829	1
47446	5
45540	5
52660	8
45835	2
50962	0
46755	8
55866	6
51657	4
50483	2
53260	3
46705	7
49309	0
47093	3
53092	10
41416	10
48712	10
46618	2
45702	3
48621	8
40809	6
45836	3
50661	8
44453	7
42842	4
49438	1
51741	3
42233	3
46485	3
52390	3
52873	8
45270	0
55859	3
49042	1
48013	8
42014	1
44361	9
50250	1
51558	3
51987	0
55388	8
43525	2
46227	9
49601	0
41139	2
54848	0
48480	10
45949	1
50292	3
49297	3
44954	1
43791	8
51207	10
41530	9
46515	3
49434	8
48514	2
50413	0
50159	4
46044	9
47561	5
40527	5
48768	4
51941	5
42788	10
53282	4
56410	3
41793	10
54631	7
44430	0
47503	0
52507	7
46112	0
46045	10
41952	3
51721	1
50854	7
48506	3
52162	9
45471	3
44604	9
41431	8
50550	10
55714	6
47420	1
52929	1
52533	1
53841	3
54278	4
55190	6
45767	1
51672	1
41002	10
51287	10
54019	9
52408	6
42115	2
45717	0
53013	0
48240	5
49802	3
45455	0
52617	0
49768	10
45600	9
54054	3
53658	3
47895	7
51792	2
47591	4
55478	0
49718	9
49624	2
47457	10
46328	10
46496	3
40557	10
43027	3
45333	10
44555	8
44159	8
49574	1
54350	1
50485	1
49357	3
43680	10
48362	3
54099	10
48537	4
53305	0
48267	0
40938	3
54486	10
40762	6
40888	2
48396	1
45223	0
50919	6
41933	2
45234	9
40846	5
47621	4
49916	2
49957	3
42374	10
54867	3
47579	7
49391	0
46492	10
52263	10
46955	0
44103	5
43191	3
53509	0
55254	3
41145	8
48559	0
45565	1
53081	4
42874	3
47000	7
55596	5
45048	3
54213	9
51040	8
50744	9
48737	6
42046	0
52635	3
52253	1
53165	3
45440	6
53856	0
48601	2
44486	7
49471	1
50163	0
44706	10
47001	8
41230	8
55496	3
49912	9
56112	6
56026	3
49041	8
45348	8
50770	3
52381	6
47339	3
50071	2
54459	6
50907	8
50511	8
45686	3
53411	0
53631	3
50200	3
43824	9
45340	3
54373	2
56272	0
43601	0
41393	7
52673	7
56283	9
43821	3
43175	8
49330	3
56013	5
45207	4
46765	1
47240	2
46548	3
48843	1
42339	1
48809	8
50022	1
45123	10
46981	7
44383	8
56309	3
48631	1
55314	3
51932	8
46852	5
53535	7
44246	2
53620	2
56352	1
45944	10
47890	3
43984	2
46675	0
45166	8
44982	7
56396	7
52008	3
48973	3
47623	4
55273	7
43455	3
49984	10
54869	3
49098	3
53478	3
48103	3
44238	3
51100	7
52878	7
51005	4
44454	9
48265	1
46587	8
42057	0
47794	7
45405	2
49397	6
42015	3
55865	3
41981	10
45314	0
41932	5
43980	9
45093	1
55378	1
43930	8
48915	2
49390	3
51389	2
56120	0
48395	3
49356	10
44276	7
50918	8
52958	8
50951	5
42362	3
52251	3
46708	10
49694	5
51484	10
54425	3
44311	1
49424	1
51860	1
46826	2
53262	10
42752	8
50428	0
46650	5
44743	3
45226	8
45039	2
55937	0
55903	7
49695	6
50218	10
48607	7
51290	1
46693	3
46921	10
41841	7
50295	1
51122	8
49519	9
52422	6
43960	8
52851	3
47476	3
47866	9
53467	6
52339	8
44078	0
51814	6
49941	3
43961	9
53334	7
49174	10
46947	4
55849	8
47159	3
52118	8
49816	8
48687	8
50686	7
50290	7
46822	9
54625	5
41517	4
49986	10
54676	7
44648	8
54963	0
42596	3
48930	0
53706	0
53015	3
50712	1
52273	3
46898	3
43079	7
45856	8
48588	7
52239	10
49896	9
45111	3
51016	3
41594	0
50579	2
43634	0
49204	10
43238	0
52148	8
53269	4
49154	9
50275	5
46757	0
46361	0
45764	10
42201	3
52882	3
49500	8
46715	3
55009	8
55188	10
53532	5
41901	7
48793	3
43512	10
53348	4
44067	3
54173	1
50354	5
46844	4
56393	5
48668	8
46970	0
46111	10
55484	8
55043	6
42634	6
44196	4
42585	1
52049	7
46928	3
49234	10
50837	9
40764	8
43402	0
40502	8
47528	4
49527	3
45016	8
48827	0
52733	1
46137	4
45833	1
49530	8
40840	3
43531	1
46536	9
48831	7
42459	10
51308	8
45354	3
53554	1
42527	1
47398	10
47961	7
41666	1
45745	10
56247	8
42276	10
52247	0
43052	2
52516	8
52467	3
45388	1
46562	3
43269	0
41482	0
46696	3
47828	8
55157	5
40700	1
45659	6
45954	3
42968	8
50039	6
42478	1
55556	10
51388	9
50992	9
55977	3
54071	3
53379	4
41494	10
51514	5
52721	4
46513	3
43044	3
40742	3
52646	10
41661	7
49861	5
44606	1
55370	5
55758	1
50859	10
46463	2
42691	1
50502	1
42086	7
41394	8
44294	0
44514	3
52326	5
49332	6
44431	5
48329	2
42349	8
52502	1
43166	1
46380	3
53796	5
56411	7
50016	0
54928	10
52056	0
49070	5
41554	2
52531	1
44465	3
47766	10
41471	4
48363	0
51368	8
45765	1
47805	1
50373	8
41683	3
43428	6
52319	1
41421	3
50499	4
43211	8
53231	3
40909	8
50928	1
42815	8
44761	1
54143	5
55141	10
44123	10
43766	1
49275	1
53181	2
50053	3
54575	7
43549	3
55696	3
44020	3
49925	3
50104	5
40722	1
50096	1
42030	3
42808	5
46148	3
53664	6
44806	8
49496	5
45886	3
45677	9
46315	0
52789	8
55434	2
47227	2
41938	5
50441	4
50620	6
45320	0
54914	3
43466	10
48747	3
50746	2
53523	3
48538	9
44370	8
53489	10
44750	0
49575	5
45965	3
50091	7
51836	10
51566	6
50351	3
40760	5
43055	3
45054	2
42060	3
52999	2
51904	1
52132	8
43192	8
47998	0
48218	3
46607	0
54856	3
54647	9
43351	1
41665	4
48994	1
51475	3
54776	10
51991	5
42838	10
40923	4
43655	3
46432	4
55028	2
50726	1
52861	10
44955	1
56235	1
46558	0
52945	3
49081	5
55281	2
53416	3
46307	9
42005	8
40536	9
53419	8
43951	1
40748	8
55376	10
45908	3
51167	8
44866	8
49115	3
44088	6
43389	5
49294	5
54328	4
47911	9
46375	0
46737	7
44005	8
47952	10
46300	6
49640	4
41432	2
51243	3
48639	10
47378	3
46679	2
42564	7
54415	8
55723	10
45991	10
54332	10
56144	3
41823	9
46420	7
50164	9
55927	5
46942	3
40869	10
52888	4
42032	3
46680	3
54491	3
43940	0
40566	9
48503	5
44327	0
49541	3
49627	6
52109	10
53143	1
47070	8
44068	5
46550	9
49282	8
47375	6
48978	5
46717	6
51105	10
55619	10
53667	6
42937	1
47545	8
44674	0
42070	7
51839	5
47283	8
45452	2
49966	2
43369	3
43503	3
55695	5
54958	4
50312	1
51265	4
48667	5
49833	3
52040	0
52227	6
44711	3
53830	5
45489	5
50836	6
42932	7
56353	10
55171	4
47218	0
47842	7
43058	3
46660	1
42063	3
52869	4
44669	6
46398	1
53123	0
53772	0
54389	5
54818	2
54043	5
49050	7
55733	9
43137	3
46056	8
50862	0
53336	0
53377	1
56296	6
49176	3
50088	5
46223	5
48047	3
41712	10
47523	3
50991	1
51125	1
46226	10
53461	0
50908	3
42058	9
53431	8
40573	2
44707	10
52081	9
44479	3
41276	10
55201	4
48825	10
52199	1
50816	5
49347	6
48468	1
42656	0
52165	8
47340	3
44734	0
56242	7
51854	3
42955	4
46512	0
53195	2
40827	3
45121	0
56401	0
43301	3
46033	2
43133	10
44650	6
49643	4
54715	3
41698	4
44433	8
54539	6
48681	1
47511	6
43993	1
47940	3
47731	9
47207	3
55239	8
52548	10
49072	8
52151	2
50238	6
54236	4
53765	10
48685	7
55095	0
46196	1
40899	0
51716	10
46154	4
40824	6
43454	3
45212	10
51318	0
55747	5
52761	10
41682	0
53882	6
53445	5
46553	9
47587	0
52101	0
45068	2
46671	1
46712	2
50314	0
53016	7
45246	8
48460	10
46233	4
50272	3
54357	6
49969	2
55915	3
44292	9
46983	7
50873	0
40808	3
43331	8
51489	3
49878	0
54703	5
42320	0
48225	0
40986	9
43669	3
51271	9
50444	2
45880	1
48799	6
48832	3
47449	7
45763	10
49787	3
42491	3
44531	3
48000	3
54562	7
51736	1
55474	9
44836	1
55862	5
46439	0
55988	1
49129	2
51424	0
43403	4
43194	10
49436	10
54126	7
49824	6
51173	9
40883	10
44653	1
47385	0
46055	10
41700	3
48001	3
43995	1
53114	3
46610	3
54463	6
51249	4
53722	2
44341	0
50728	3
48729	4
49251	0
46351	8
55197	1
40789	2
54801	1
47860	0
42875	6
47692	7
50633	0
43524	6
54113	9
48551	3
40698	0
43179	8
41863	2
45560	9
52982	5
50679	3
50899	6
44691	5
51811	8
54752	1
52457	3
43121	3
41309	10
42126	3
53152	7
55025	10
40785	4
53768	10
53144	3
55371	9
45070	1
49600	9
52377	10
50807	8
49413	3
44546	1
55530	2
52495	2
45940	6
48376	6
45550	0
49019	0
50234	3
55971	10
51803	9
52620	2
41815	3
45029	5
42726	3
46027	10
54140	3
47061	1
52529	0
53972	10
41469	3
40636	2
43368	1
51138	0
41985	5
55877	2
43775	10
48278	1
49056	3
41977	1
50834	3
46719	8
42719	0
42760	1
50363	9
49671	10
47107	4
41328	0
48844	3
47274	1
48280	10
47969	5
51089	0
44721	10
49269	3
55611	4
45150	7
41632	2
45067	9
42973	1
41590	5
54178	7
42274	0
43319	0
41017	0
50309	10
46358	7
54348	9
51354	10
44140	0
44622	3
46180	0
52038	5
43964	3
49869	3
49660	9
41407	5
50298	0
56203	0
52821	5
50003	3
42102	9
40633	10
46833	7
43532	0
53725	3
50522	10
45830	3
48091	8
45735	0
45914	2
55329	3
56154	0
48429	3
42961	4
50469	3
47087	8
50040	6
41746	1
42878	6
41267	3
52976	0
46567	9
45613	10
51719	0
54630	1
54234	1
46651	8
46168	3
53247	5
51240	2
48945	4
48683	4
55366	6
53634	5
51982	1
41304	6
50337	5
44424	1
47638	3
56369	9
51536	0
46161	0
46247	3
54884	2
49850	3
47984	2
49682	10
43365	8
44112	0
52110	6
55062	8
55147	3
55671	9
52582	1
51495	4
51191	1
53277	5
55317	5
50929	1
42242	1
49750	0
41730	6
40556	4
47448	0
53876	4
40776	7
56305	2
40506	3
50108	10
49921	4
47364	6
41847	2
47543	8
51886	10
52483	0
44986	10
50891	10
46977	5
54781	3
42372	3
44667	1
44708	2
43721	6
52612	1
48405	9
48056	4
53345	1
42500	9
50530	4
41148	0
51737	3
43671	5
55776	2
53702	9
48614	2
50614	3
43808	10
50647	0
49443	6
52175	5
43758	9
46272	9
44871	1
55424	1
55465	2
43793	3
45142	6
46745	5
53087	6
44576	3
48474	0
41574	0
56023	0
45708	8
47520	1
54632	0
44317	8
53732	9
54337	3
47041	3
44055	8
55678	2
56152	1
44476	1
52288	3
44214	1
46213	0
41616	2
50426	9
40917	1
40749	8
41178	5
49032	3
54063	1
55024	8
46824	10
41307	6
51110	3
54720	5
44124	0
54807	10
47862	8
51327	1
48732	7
53550	10
40954	4
53455	1
50282	0
40946	0
47467	3
47071	3
55708	2
47500	0
41300	3
56324	5
41528	10
43037	2
49111	3
46042	10
46639	0
41687	3
45384	10
43081	8
55575	3
43899	3
47509	5
45293	8
44810	3
45681	4
44944	3
44548	3
56149	9
55316	8
49754	2
53450	7
56182	6
51585	8
56141	5
41900	3
56308	2
43978	3
44206	10
55788	3
47326	5
45023	3
42037	8
50532	3
53317	8
52972	10
47664	0
51402	8
47201	10
46273	0
50145	8
51654	0
45057	1
41626	1
53873	2
41771	10
51532	10
40539	3
46664	6
44571	0
42979	10
45228	4
41755	7
47223	6
46261	3
41181	0
45046	0
53078	5
44784	0
49609	5
44058	8
54123	5
48902	0
56250	10
43613	3
46835	9
43142	9
45350	2
47686	1
54073	4
40973	7
48093	10
53374	3
46911	4
52816	4
44305	1
50547	1
41311	2
53552	9
55069	5
53466	6
51216	10
44043	1
44567	7
42044	2
51509	3
53595	7
50601	8
52850	2
53762	4
45741	8
42340	0
42956	3
41345	0
48028	2
48948	8
46728	4
41565	3
53062	1
54886	5
41303	3
52583	3
50026	5
41044	8
50418	8
40961	10
56007	0
51201	8
52113	10
45676	0
52796	3
47025	3
45414	0
53225	0
54970	3
49716	1
56136	1
51539	3
48325	1
49719	6
44157	0
46197	0
42378	4
48974	1
45509	8
48723	10
54004	3
49320	0
44335	6
46622	0
43415	0
50064	9
48453	6
49844	6
45668	1
52747	3
53572	0
48841	2
43153	0
47974	8
41074	8
49187	1
44422	10
54487	7
47796	1
56299	0
40729	10
50835	8
50277	9
45243	10
52781	1
55692	2
43807	8
53389	0
52784	6
51401	10
50144	10
44145	3
43936	9
50479	0
41976	1
48753	10
50490	9
46397	2
50531	10
50482	5
48188	9
42188	0
53206	0
40797	0
41321	6
53434	7
44661	4
43970	7
56075	4
40672	5
55517	5
56201	0
54904	7
50307	9
43530	0
47959	5
55816	9
50736	6
47219	3
54609	10
42925	6
48130	3
52560	10
52769	4
41314	3
41880	5
51911	9
56197	2
54426	10
44958	3
43433	3
56372	3
55680	4
54761	0
41956	0
45694	8
44699	8
46314	2
50387	10
54198	2
40523	3
41831	5
50326	0
51675	3
46640	2
43654	7
45257	6
50942	3
41773	0
49289	3
52891	1
55026	10
40819	1
50421	8
53582	4
52158	7
52244	10
52150	3
45269	9
46379	3
41344	2
52807	7
52933	3
55501	10
50151	3
45117	4
50447	2
55451	9
44309	3
40949	3
40553	3
48016	0
50101	2
53798	9
45504	4
55744	2
54615	2
44805	3
49630	8
50710	3
48239	8
49319	3
46374	9
42864	8
50185	1
50542	10
53308	1
49194	8
46503	10
46891	6
45508	10
52146	10
50923	3
48669	6
51352	0
42890	2
41070	5
48190	8
56303	1
41686	8
50881	6
49531	7
48308	0
47616	1
48924	3
41542	0
50265	2
46883	7
55774	2
54600	0
42278	5
54779	2
41332	10
48175	1
46309	0
42195	7
49516	0
44141	0
56131	10
50132	3
45838	6
50957	0
40979	8
41097	0
54813	0
52993	3
51819	1
46142	8
56341	5
41537	6
43099	4
41454	8
49949	3
47384	1
48920	10
54201	3
40618	1
54335	3
43436	3
53255	8
53239	0
53373	0
55204	6
49774	7
52202	3
44391	3
42821	1
55805	3
42088	1
50725	0
43041	4
46827	3
47742	10
53889	1
56404	2
47639	3
41962	10
53335	9
50113	3
56313	0
43516	4
47851	2
45986	3
51936	5
41568	7
49767	3
54197	10
41989	0
43432	10
41130	10
54846	10
53194	6
47206	8
47684	10
54923	1
55884	8
55360	2
50763	4
46628	0
44075	3
54873	0
47331	8
48901	10
42600	10
40811	0
52670	5
41039	7
42985	0
47897	10
47594	9
50580	4
40903	3
41115	2
45249	10
43201	6
50926	3
55743	4
47753	2
49972	4
45629	2
41639	8
49535	3
44930	1
44193	0
49755	6
53870	1
40685	9
50405	8
40728	7
55222	9
50188	10
48531	3
54523	8
48269	3
51442	4
50355	7
56173	2
49965	1
51609	1
46575	2
49486	3
44406	0
52009	8
50880	8
48189	10
41794	3
51309	5
42156	10
52347	3
56252	2
40966	0
53991	3
54219	10
45480	0
55907	4
43794	3
51739	3
48611	4
47920	7
52168	0
53866	8
49470	0
42623	6
43744	2
51301	6
53850	0
49877	9
47178	7
44876	7
40716	10
52593	0
51001	10
54424	6
47438	3
46175	9
47179	8
51768	2
41012	8
42387	0
40963	3
42521	0
49136	10
42741	3
44960	5
52630	3
47475	6
45468	3
56115	10
43048	10
42954	3
54200	10
55803	9
47072	3
50674	1
40696	9
41775	2
53406	0
49029	5
52026	9
50624	0
52369	3
44248	6
42087	8
45160	8
56184	2
46205	8
54017	10
41776	3
52016	1
41346	10
44854	1
48068	3
43725	1
46061	0
56354	4
42342	5
45423	9
42375	2
52186	3
40510	3
46281	3
55621	10
45420	3
56304	3
48713	6
49538	3
53436	0
47751	3
54964	5
55393	2
53319	9
49017	8
49795	10
41889	1
56088	6
42809	7
55739	1
56263	7
53531	8
50974	10
46840	2
40860	8
42672	1
43450	3
53052	10
43584	3
50013	3
42193	3
41019	1
52695	1
55614	6
40582	0
40936	3
41022	6
42846	10
51879	9
43234	6
42980	10
52394	9
46582	8
53265	10
52696	2
46574	4
49400	10
50529	10
55472	7
49518	2
55860	3
43485	2
52649	6
50784	7
50776	3
42273	4
45005	3
47224	5
55122	10
54033	3
43781	0
55468	9
49260	8
51696	8
55374	2
55206	9
56327	5
53205	0
42173	2
53037	7
50593	3
41353	3
44613	9
42224	4
49336	3
55241	3
49765	0
53166	8
42664	10
47395	8
42174	3
56286	3
54716	1
42006	10
48990	3
54499	3
46916	10
52197	3
43743	9
52760	0
49423	7
48940	2
47303	10
40571	3
51597	7
53409	0
51985	3
44906	1
50898	6
41865	7
41004	7
51935	2
51498	1
44639	2
55624	5
48336	9
50678	2
52577	0
46114	1
51582	0
54796	2
42287	1
54534	2
50460	8
47197	1
48412	4
55532	7
41030	1
42036	10
55886	10
45544	1
54484	1
45981	2
40779	10
43040	9
47322	1
46152	0
50536	3
47064	2
44237	0
40559	6
48800	5
41512	9
54563	1
50194	10
46584	8
46060	2
43294	10
55313	4
52668	10
53534	8
44407	2
54614	3
51923	5
54218	3
56311	9
51915	1
41379	10
45927	3
44753	1
40593	4
43853	10
42283	8
48101	3
51361	9
40585	0
55213	2
48879	5
44898	10
55688	3
51045	1
54514	1
54659	10
49134	2
54001	10
53865	0
52262	1
46585	8
42021	7
55300	6
45878	3
53386	2
43750	2
49867	1
44833	2
40759	8
56288	3
48181	4
48906	0
52307	8
40885	4
52299	4
53219	10
47306	6
55647	6
40843	7
50130	2
49868	2
46740	3
44875	4
47652	5
51254	3
47094	6
52174	9
49430	5
50214	1
50596	3
47390	7
53633	0
53674	1
46782	5
50733	8
54773	9
51550	1
43739	1
47914	10
44000	5
53811	6
55373	4
46523	10
50388	10
51938	3
46649	6
43427	0
55372	8
53720	4
43647	3
55498	4
40787	4
46987	1
51858	10
54066	3
49939	3
52675	3
40603	3
42822	5
53366	6
45513	3
46862	6
46246	3
48853	1
50592	10
41083	2
48203	5
56361	0
44989	3
55106	10
48602	10
42898	0
42603	3
44643	3
54844	10
50414	3
55494	6
47716	3
43548	2
53283	7
52887	7
47853	8
45759	0
55012	2
49582	3
43905	10
47033	9
44031	6
52526	1
41458	0
55657	5
40995	10
45980	4
51269	1
41812	3
42336	9
45113	10
48883	1
52830	3
48715	8
56003	4
45448	0
43722	10
44851	10
41762	2
52739	1
56095	7
54300	3
43020	3
51702	4
46918	0
54924	10
53137	10
51231	10
53043	3
45755	7
41326	2
46876	3
46572	0
42708	2
53826	3
53913	8
42879	0
49221	1
44624	3
54689	0
42408	6
48313	6
54950	4
42628	9
45360	8
53473	1
53264	7
48962	6
47359	7
41371	9
43620	3
47705	6
53423	0
46094	3
48912	5
47014	9
55897	0
52777	5
49791	10
50212	3
43361	8
44920	1
45436	3
42830	0
55855	3
54681	1
53989	2
50129	5
51740	8
46652	1
43184	3
53518	8
56067	2
46390	1
43741	0
46401	10
50213	4
43616	5
54601	8
44957	4
43742	1
50653	10
54760	1
51074	3
54726	8
48214	4
47040	2
43703	9
49335	0
49126	6
44133	8
48939	0
50729	5
55064	3
43870	6
49775	6
52848	6
55889	0
55463	8
43693	1
48331	0
49034	8
49026	4
50543	0
50247	1
52628	2
48764	4
40657	5
47822	10
44649	9
55143	3
40690	2
53928	0
53069	10
55505	10
40952	2
44767	1
55489	2
53624	3
51280	0
41215	3
49509	8
42609	8
51059	1
46462	3
55447	5
51971	3
51029	9
43334	4
45553	6
53970	2
41165	2
45250	5
44809	3
49156	6
53973	7
40600	1
53483	0
55322	10
55228	3
46382	10
45417	2
47199	3
53837	3
42643	6
45375	5
41032	3
43723	1
41166	3
54065	10
55836	2
54573	8
41386	6
41199	0
55786	1
44888	3
56014	8
40511	8
52530	2
51838	3
49536	3
49327	9
45454	5
41294	8
47883	3
40587	3
41412	0
45800	4
48054	1
46188	0
53395	8
51006	3
47100	2
51831	0
53909	0
52138	8
41373	8
48358	3
40842	0
47184	1
55470	2
49311	6
40800	3
43236	3
54516	3
42631	9
49649	1
44151	10
54653	8
40588	3
41795	2
51834	10
53396	8
45189	8
41324	8
41021	7
48562	3
47567	3
51264	10
48916	6
49996	1
48867	1
53210	3
53296	6
49215	10
54342	8
55717	0
49650	1
54125	10
49045	7
54326	0
51728	1
43999	3
50595	0
41192	10
41875	3
55109	0
48513	3
51678	0
52115	1
55416	8
56150	3
47097	2
51773	8
48600	7
43049	10
45344	8
44652	9
53551	8
41826	3
54937	9
45032	1
47073	3
51461	7
54193	6
47689	6
47775	9
40959	9
51587	3
53627	3
41996	5
41693	4
55200	10
53544	5
48805	3
41954	8
55139	0
43650	6
42468	0
46206	8
50720	8
45591	0
53235	9
50409	3
55006	1
40906	8
49067	8
54011	1
42563	8
48850	10
46453	1
48452	0
50493	2
49405	3
56230	9
47727	10
41290	0
41331	1
53236	10
43417	5
50839	1
41248	3
54965	5
45146	0
41723	4
46495	3
42896	10
54310	10
49189	6
50014	3
52791	4
42236	0
55093	10
47965	3
44059	2
53608	3
46279	6
44896	10
53003	9
53745	8
55120	0
47444	8
47140	5
50564	3
46837	4
45267	2
45058	8
54345	3
56123	3
50693	4
48786	2
46525	3
49739	5
50523	1
51039	3
49428	0
50830	9
50044	3
43971	10
44797	9
46400	8
48212	1
55519	10
49520	3
44044	0
50431	3
53504	3
42318	10
48357	10
42653	0
52464	1
49040	3
54254	6
53900	3
44435	1
54683	3
53072	0
44181	5
47783	3
44610	2
49910	8
41179	2
45085	3
55766	3
48291	1
49211	7
49599	3
50814	6
43660	10
47262	8
46047	5
42866	0
42657	6
44480	8
43265	5
46521	10
53505	3
52847	3
51236	0
43907	3
44135	10
55153	10
44690	3
55970	3
49990	9
51761	1
41479	6
42304	3
50894	7
47813	3
53322	3
48725	5
41646	3
47551	3
50765	5
55979	8
54663	2
51845	0
50278	3
40997	2
53364	5
45639	8
53315	0
46464	5
53147	7
55830	1
41650	9
41463	3
47764	3
48193	0
49891	8
54667	8
49158	8
47106	3
54405	8
42246	3
54793	4
51232	7
42983	4
47934	5
42713	0
45852	8
42334	3
55359	6
53266	0
42072	3
47809	10
44191	4
50533	5
45936	7
41634	6
50525	1
45928	3
42250	9
44108	6
52524	0
51529	0
41854	9
43591	8
50274	10
40806	3
52957	4
52220	3
44367	0
42106	1
44689	1
46882	1
45795	4
54264	10
45237	5
48926	8
55081	3
50872	1
46966	0
47744	2
52569	7
51870	6
53910	6
52486	9
42854	6
45313	0
44917	0
41448	0
45533	3
48873	1
41881	4
55074	0
49576	9
48918	9
45924	10
56377	3
42406	5
56209	10
52258	7
51338	1
50639	0
45578	10
54469	5
53341	7
42964	3
53204	1
49340	3
50996	8
48211	3
50734	8
46820	3
45646	1
52725	3
52557	10
49731	4
54283	0
46995	4
44001	5
50643	6
52859	3
51300	10
46079	5
51688	6
40704	5
53804	2
44306	3
43910	3
44830	9
51038	10
56031	8
45730	0
45210	1
55753	0
45042	8
48215	9
45867	5
50464	3
53501	0
43997	7
53022	2
43735	7
54416	7
52068	3
43947	6
50764	8
41778	4
52322	5
55495	6
47287	4
41079	3
52493	3
40817	3
47850	1
47413	0
50586	1
54230	2
54271	3
47633	3
51330	10
55833	1
47162	9
45465	3
45498	0
41383	5
54804	8
43469	9
51403	0
53226	2
55521	0
41595	4
51626	8
47626	0
47417	6
44681	6
53363	7
47163	10
43249	5
53135	0
53093	3
55825	2
45323	4
54401	5
55996	0
55828	7
43063	0
47975	10
46846	10
44894	6
49578	9
42887	3
45369	7
47618	1
45806	8
54477	0
47797	3
40509	7
43891	2
44803	4
53306	3
46406	3
49534	2
42238	2
41842	2
51444	9
52052	8
44282	9
50179	5
42891	9
47394	0
43328	10
52211	1
41937	10
46003	0
49654	3
53739	6
51866	3
47792	9
44570	3
53603	2
46569	2
52998	8
49697	1
41710	4
56118	3
54548	1
44528	6
43145	10
41534	7
50433	6
41144	1
45396	1
45000	1
42488	5
53428	6
50688	3
54331	2
44950	0
47869	5
43130	3
49035	3
42184	8
51075	3
51034	2
44961	9
47872	10
56281	2
43872	2
41873	3
49818	3
42530	7
54112	0
40710	10
40927	8
41705	10
50722	1
55110	5
42302	0
47298	9
51846	2
44176	4
52765	6
49214	10
48731	5
43992	3
42515	0
53937	4
55540	3
53324	6
50935	1
49164	9
53753	3
53499	7
51679	10
44947	3
52287	9
44726	4
50422	10
53628	8
51930	0
50843	3
50802	2
42131	10
55847	10
54142	0
42948	3
42989	4
42991	5
43464	5
41075	0
49020	0
51931	1
51763	8
54532	5
46325	5
48761	5
42165	8
51284	10
53959	0
55361	9
50322	7
48670	3
43726	10
42720	1
44122	10
55528	6
48012	3
41026	0
45634	7
51789	2
55049	8
40546	0
43761	4
41895	3
52921	7
46189	0
44369	3
50106	10
52314	3
40717	4
51793	8
54088	6
42666	2
51576	10
41014	0
41846	3
43449	2
43715	9
46360	3
44353	0
52298	0
46868	1
40592	8
48008	10
45839	8
46010	6
44186	8
45957	0
54639	1
48566	8
51645	2
46606	0
41572	1
44008	1
40880	2
47081	1
50691	3
47215	1
49266	10
51078	3
53560	7
47427	0
48567	9
47393	7
54076	9
48955	5
48043	3
51512	3
49604	5
40619	3
45699	6
53199	1
45428	0
56159	7
49039	4
44300	2
54768	7
44266	9
56363	2
41264	6
43513	0
44646	1
53597	10
55409	3
42613	9
56280	4
46215	7
44730	0
53065	6
53935	5
46385	9
52499	3
41510	3
53320	3
41644	3
41348	4
43643	2
49152	2
52291	10
54103	3
43687	8
50889	1
44995	10
49726	8
45383	6
46545	3
45816	10
47628	3
51279	6
47460	10
42776	7
55136	2
47499	1
49585	5
44296	8
48015	3
55919	2
51712	10
47544	9
55702	4
40853	3
45409	0
55220	1
46937	5
55869	1
50876	3
51701	0
46895	8
45579	2
55390	3
45975	2
43942	10
56302	5
52176	1
54216	1
49839	6
48228	3
46617	0
45025	10
53325	10
41462	3
47876	3
52480	3
50177	1
40975	1
49885	9
49926	10
54657	8
52355	8
45268	2
43836	1
44501	9
46788	3
43802	8
54296	2
42411	8
44451	8
54034	2
50139	10
55166	7
42749	3
55250	0
42581	10
50257	2
54988	0
43312	0
47263	3
42270	5
52035	2
53388	6
47229	10
52738	10
52730	6
45052	4
43273	8
48782	8
42050	1
45747	8
48083	7
50519	7
43391	0
50470	2
44740	3
47308	10
53213	10
44269	9
49737	8
49254	3
54501	3
55458	7
43090	8
51895	0
47821	6
49383	4
44607	4
50041	10
50515	9
54421	10
54025	10
55455	1
56158	9
43562	3
54588	7
50682	6
42085	0
53365	0
42654	8
54580	3
51511	10
45807	0
45994	6
53752	0
50986	8
50937	3
44382	7
55763	10
41168	5
56278	10
45595	0
46164	8
55975	9
42601	1
55189	3
55922	3
43296	5
42122	3
54018	6
53140	3
53274	3
42031	1
45978	3
55097	5
43421	5
52312	0
51579	0
44587	3
52061	9
53832	1
48147	4
55173	0
46756	4
41677	3
44891	5
45675	1
43205	8
48923	2
44808	7
46620	0
46191	3
52316	6
47532	2
47585	8
42722	3
49363	8
46100	1
49751	4
41940	4
55268	8
40894	2
49186	3
49272	6
44192	3
50105	7
49701	3
52130	1
42935	3
52604	0
48444	3
50967	8
47839	9
49744	1
48656	2
44979	10
51179	7
47957	1
49956	0
47011	6
53996	1
54519	5
51829	9
47874	3
54606	10
40586	7
40761	8
48919	3
48523	3
46438	1
54428	3
47832	6
44060	5
47046	0
46414	1
41141	0
43656	1
43884	8
49352	7
45487	7
42661	1
55507	2
52513	3
51298	0
41107	7
48532	8
44230	7
44914	2
44222	3
48516	0
52642	4
45563	2
50690	0
51992	8
42360	9
42140	6
54117	3
56202	5
40621	6
51335	3
51951	6
47945	4
49207	2
51689	6
41000	2
48561	7
50903	0
54895	4
51285	2
49902	6
49607	9
54633	4
43002	6
45439	8
52289	1
54853	7
48854	0
55974	3
48425	3
43861	2
52543	3
52771	10
47168	3
45643	3
48375	2
48166	8
56279	1
55891	5
48595	5
41095	10
41213	2
54492	1
43728	3
46505	4
49337	4
46335	1
56146	2
56187	3
42303	10
50241	2
48072	0
41476	3
47508	7
44910	8
47593	2
44693	10
44211	7
42212	8
49028	8
46202	2
44169	10
55784	0
40684	2
49280	0
52494	2
54393	0
48025	10
41387	10
51399	1
49238	3
49324	6
54014	3
50632	8
45115	4
49450	2
44162	7
46456	3
43945	9
45757	2
53755	8
51890	9
50970	3
45199	3
46623	0
44321	0
44541	3
49055	3
41767	7
42638	8
41946	9
50583	8
49454	8
45107	5
51266	1
46460	9
48710	5
54177	2
45233	1
50742	1
52345	0
47748	2
45244	10
53048	8
45920	1
51088	0
49268	3
44188	0
47060	10
56171	8
52608	1
46923	4
42535	0
40935	6
47573	6
49658	8
49127	0
50958	6
45187	6
55252	3
51817	2
52687	1
43010	0
47694	3
54560	10
52653	8
49439	6
53337	3
49263	9
50385	0
54815	7
47044	6
51600	3
55244	4
41224	1
53812	3
52470	8
44355	5
46254	3
48690	3
53508	6
44313	8
54419	6
55499	1
50243	1
55457	4
42170	1
45571	9
41953	3
49510	7
47690	10
40958	3
48515	7
53112	5
42120	0
48507	3
54412	3
40528	10
42568	10
51209	10
48245	3
53933	5
45859	3
55965	1
45377	0
52717	6
40604	5
45817	6
40783	7
55882	3
42394	10
50936	0
42729	0
51505	8
42124	6
52417	10
42132	10
42781	10
42907	6
49799	2
43295	2
42462	1
43119	5
52010	0
51319	3
44647	10
51976	7
55571	3
43203	4
53496	8
40692	10
44597	9
43898	8
48105	0
51574	0
55749	9
47246	10
46117	10
45365	3
54738	1
41197	2
47584	5
54704	8
40505	3
51919	3
50308	0
42108	2
41409	1
42811	10
42717	3
52527	2
53051	8
41588	3
47052	1
47408	8
41158	10
42675	6
47660	0
44760	8
53651	3
41493	0
51349	3
46277	4
54571	9
45798	6
44878	0
49408	8
43629	4
42018	1
41622	1
43024	10
42947	10
53215	3
41539	3
46785	1
44483	1
49487	8
40543	7
43320	8
50399	10
53131	9
43749	5
50338	0
56243	0
48177	2
50954	3
52774	0
49392	5
44054	3
41356	3
51053	2
53898	1
54810	3
50171	8
47386	3
46694	4
55764	1
50685	0
49742	10
44434	0
44521	5
55452	0
48351	10
45137	8
53766	3
53370	3
46470	3
43297	2
53944	9
44817	3
42439	7
49163	10
51076	6
53894	8
51988	8
44692	8
45080	4
47644	10
46724	4
54628	3
53153	10
42952	3
46212	9
47815	8
42253	2
41561	3
44642	7
50767	10
52538	2
46075	3
49772	10
54885	10
47891	3
52716	8
49931	3
40823	10
49232	2
53963	0
48674	3
41640	3
49840	1
46667	0
41861	8
54411	10
46887	3
52792	3
49369	7
47021	3
48583	1
51797	3
51964	0
43160	10
54741	1
46762	8
56049	3
50102	6
41591	3
41109	0
48229	3
41725	3
55221	0
46797	2
51140	4
54228	10
49361	8
51446	10
48787	1
41982	10
55698	10
46967	4
49927	10
42116	10
45490	1
54307	10
50098	8
41804	3
46318	3
51439	7
53184	10
40884	3
46789	3
42674	8
51565	3
52256	0
47009	6
55167	1
47625	9
40887	8
41450	5
41147	4
47138	7
44581	9
48479	6
40667	4
41788	0
47264	3
49570	10
52940	0
51744	10
46040	0
55642	7
43528	4
46447	9
50950	0
49037	4
47434	5
44052	10
47997	2
50512	3
42787	6
50209	2
54638	7
45698	7
50683	1
54817	9
47697	6
51595	3
49121	3
52986	3
53852	1
44923	10
54984	6
45648	6
49258	8
43487	8
44956	7
43471	0
40705	8
50557	10
44745	9
49730	3
45911	7
52025	1
56025	9
46777	5
55071	10
43395	10
53232	0
52674	1
48077	3
44949	4
50600	8
43563	3
41305	9
42089	5
52195	3
51021	1
50718	0
47810	4
53715	4
41473	1
50982	9
41036	0
42206	1
49714	0
47894	3
45203	5
42123	3
40598	3
45288	0
50805	4
56105	10
46637	3
52012	3
45549	4
48248	6
53977	9
54452	10
46681	9
47365	4
52283	8
56094	0
55235	10
42893	0
48107	3
53616	3
48536	0
54399	3
44285	1
50572	3
45197	3
43284	7
55531	8
43410	3
52925	5
44235	0
47146	1
53829	3
53661	10
54258	0
47104	4
52867	0
54478	3
47096	0
54612	3
53229	7
42727	9
47799	8
48616	1
53729	1
50051	7
43589	10
54083	4
47191	8
42198	10
54075	0
45572	1
43760	8
48304	0
45101	7
56040	6
44053	1
50964	10
50568	10
51647	3
47050	5
51519	3
55731	10
56033	3
48965	10
51260	8
44965	2
41837	3
41187	7
52855	3
41313	3
47304	6
49786	10
44082	0
51430	10
50207	3
51564	10
55858	7
50341	3
43315	7
56078	10
54467	7
45777	2
48300	7
55420	10
43011	10
49117	0
55800	2
47391	10
41526	3
45955	8
53463	7
46134	10
56240	8
52636	0
43737	1
44470	1
44253	3
52890	2
56291	10
51727	9
55497	0
42734	3
44565	9
52073	8
54797	3
53668	3
55963	1
56191	8
49983	7
46902	3
50808	4
49425	8
52015	3
50404	0
48935	1
49021	4
51020	3
41598	0
46244	3
48026	4
45773	9
49409	0
55534	3
41556	3
44762	1
44025	0
50017	5
49284	5
42205	3
56310	1
41943	3
47893	5
55013	8
46853	3
49148	1
44846	0
48931	3
53797	9
55265	0
50709	3
49580	3
42680	3
49546	10
48021	10
42942	9
42418	3
42847	0
47624	2
55959	8
52441	3
52045	3
43938	4
43288	8
46012	3
41897	8
50788	3
53707	8
56297	3
52088	1
43720	10
54128	1
49960	0
54872	10
54569	9
56085	3
47186	4
47964	6
48494	6
50789	4
53217	0
54223	9
47787	1
48310	5
51229	10
53961	9
54603	1
50739	3
53953	5
41586	2
45879	3
53683	1
55682	0
41798	7
54728	1
50868	4
45754	8
52209	3
55337	2
41358	0
44572	2
49603	0
50952	3
45401	6
52084	8
47916	7
43606	2
47740	10
46129	7
43740	2
41236	10
53813	3
45134	7
54858	3
47300	3
51822	7
50735	10
55283	3
44298	0
51552	3
54766	5
43994	3
55898	10
47596	1
48904	3
44165	1
51031	8
46292	6
52585	2
46855	3
52027	3
48645	8
50457	1
50248	7
40867	5
46072	2
55883	3
49769	9
50165	9
51278	1
52418	10
46647	10
53625	9
45947	7
47759	0
52839	3
54670	9
49591	8
52011	0
48766	10
54275	10
47334	9
50066	8
55488	3
51441	0
45890	3
41117	8
42338	5
46057	0
43504	3
50833	0
51270	1
46673	3
41934	1
41505	4
48355	3
44195	6
52353	1
44677	9
50978	9
49359	2
46802	4
45707	3
44458	7
47235	8
42888	5
40981	3
54260	2
53173	5
41497	5
41247	10
56293	0
49192	10
43488	0
54701	10
43708	3
46627	8
49613	3
48439	1
45532	7
54860	3
55256	3
47048	1
47960	3
49959	2
49563	2
44966	4
55864	2
49092	8
40798	3
50400	10
51479	3
44487	6
51950	3
44662	7
43051	4
54035	5
56076	7
47827	4
48613	10
55335	3
42444	0
53952	7
55469	3
49826	3
49344	0
42268	3
52475	4
43617	6
44783	4
49305	8
48340	0
45043	0
42352	2
48048	8
41398	3
52383	6
56289	7
43094	1
49119	3
42227	7
50513	8
44742	8
52941	4
40828	3
55027	8
54241	2
43343	4
53287	3
40965	8
50589	3
51508	7
48682	1
40703	8
50555	10
49426	10
42694	3
51197	2
49814	6
55928	0
42735	4
41124	1
52284	5
52766	8
41049	7
44821	8
51072	7
51113	8
44897	3
46118	0
55399	1
48936	2
51148	2
54276	1
46592	5
42645	3
56099	3
47200	4
40992	3
45118	7
49841	1
45726	6
45472	10
56269	5
45673	0
51578	0
55570	4
54583	8
55529	3
51798	3
50498	5
42899	4
54624	9
55487	6
50011	3
45810	5
52534	8
54305	0
43025	0
50357	2
54887	10
44586	2
54879	6
52055	10
48492	3
51885	7
47583	6
42758	1
45281	6
50703	1
42716	4
55217	1
46714	2
52044	0
45627	5
41071	8
48579	7
43062	3
47659	1
43678	6
56079	2
53481	3
44194	8
44582	4
55125	3
42630	0
50790	5
46614	0
52519	0
48655	2
47754	9
50486	8
53127	5
41892	7
42112	10
54909	6
41716	10
47131	3
51474	5
44970	5
43359	2
43662	3
42754	8
50430	0
51095	8
52907	1
51779	3
43571	1
52690	3
43705	1
43309	1
53602	5
40931	5
49038	4
53332	1
48305	4
48963	10
50566	9
56284	3
46566	1
45437	1
53477	10
51687	5
55718	0
43008	9
42013	9
43388	1
43134	5
43093	4
51428	10
40569	3
46474	3
53157	5
54727	7
43043	3
40968	8
45995	5
48772	6
48080	7
49597	3
49252	5
46949	3
55149	1
45162	3
54764	10
41914	8
45820	9
56314	3
41906	4
51025	6
48502	1
55319	3
49548	3
42514	3
41474	1
52754	1
43560	5
48982	0
46546	0
55968	3
51109	5
53108	4
48511	6
45771	3
45812	4
54408	2
48335	9
48327	5
51455	4
50850	10
40945	2
46413	1
52755	2
49761	3
48464	10
54966	0
56268	8
52226	3
51448	1
40550	3
48111	8
51055	6
53054	5
50269	0
50403	0
43893	6
41108	1
48321	3
45630	5
46751	1
48153	10
41119	10
48145	6
43065	3
50136	1
56041	1
46500	10
44459	8
54262	5
55779	1
51182	3
45109	10
46102	0
42241	7
48146	7
50178	3
46796	8
54558	3
42882	3
44493	6
47962	6
44578	1
53309	7
41625	3
53133	10
40496	3
46925	9
40630	3
48528	8
55038	2
47134	3
43878	4
55345	10
56379	1
53954	10
50391	3
48780	0
41492	4
55295	9
46792	10
49920	9
49000	3
52131	7
47829	6
50949	1
45870	0
54250	8
44345	0
54384	8
48471	4
48217	8
47297	2
44303	3
50604	3
56113	3
51998	8
41697	0
48817	3
54722	3
53380	8
44440	8
54251	9
42092	4
42567	5
46303	3
54114	3
47469	1
50033	7
44516	3
46952	3
54118	10
43738	1
44254	3
46253	2
52985	9
46473	5
51204	3
54107	0
51940	8
45645	2
53248	10
42604	8
49554	8
45378	3
49075	10
51370	8
46686	5
47807	1
53316	1
55797	3
43042	10
47556	10
48635	3
45937	3
48897	9
49539	1
44942	3
40595	0
45895	6
40815	3
53529	1
52837	2
56010	3
55266	0
51929	7
46367	1
46158	7
44022	2
52222	0
48544	6
53742	1
44200	8
55439	7
44884	3
42540	0
52788	2
50089	0
55397	10
41249	7
51085	1
54695	3
45359	3
46917	0
53304	3
53391	8
56081	4
41628	3
56006	10
40720	8
49611	3
48665	8
53957	10
41978	9
41286	10
53163	0
52472	3
41278	6
47004	4
52606	3
44398	1
55383	4
46001	0
46963	3
51215	3
48703	7
50261	4
45664	6
50649	0
54387	8
42756	10
47259	1
44314	7
49782	6
47091	8
55165	10
44968	10
46780	3
55720	3
53646	10
41009	3
52913	10
47343	0
53730	3
52643	6
53858	9
41355	2
44569	4
44360	10
42562	1
46172	3
51898	1
42696	1
43661	9
42183	4
53942	8
52423	2
47430	4
49429	3
41316	10
42616	8
45261	2
55367	0
51294	8
48334	2
47817	4
42300	0
54585	1
48122	2
50503	3
47121	8
44732	3
40826	2
43129	4
49979	3
55716	10
48816	10
41602	0
48418	0
41822	3
53456	6
51449	3
47730	8
46556	6
53844	2
56359	3
40609	9
51586	8
45291	2
53398	1
55793	0
54934	10
48243	4
46632	1
46590	4
52715	7
48151	6
50446	4
43505	3
51799	8
45108	2
48618	3
41202	1
54960	4
46543	8
51054	3
50059	3
46677	8
53528	3
46583	1
47455	10
53695	0
44158	10
40890	0
55089	5
56210	1
55223	5
53653	3
43539	1
47149	3
44021	4
45370	7
50651	0
55951	6
49656	0
55781	3
55090	6
55131	7
53311	10
52137	8
40902	10
45446	2
40707	0
48014	9
41540	1
41619	2
47741	0
42881	0
44014	1
46832	3
52871	3
44013	5
46267	2
45104	9
40802	8
47136	5
44101	5
41452	10
49169	3
41536	3
40658	0
44751	7
46783	3
45788	3
53424	8
43223	1
45055	9
42061	10
49872	10
42744	3
42053	6
46784	4
46870	7
48387	3
47213	1
46817	1
49781	8
48615	10
54108	2
45605	3
51551	4
42357	8
41874	3
50852	3
53079	9
52683	9
41657	5
48246	0
51468	6
44086	3
46684	2
48421	1
50244	3
47900	0
55712	2
53155	4
53543	0
48987	3
54496	3
54287	9
45556	3
55662	1
49199	2
45126	10
48896	1
41600	1
44332	0
42908	3
56142	0
47337	8
50853	3
42646	3
49766	6
45464	5
51851	8
54355	0
54979	7
56186	6
44857	1
52897	10
45601	10
45507	3
44378	3
43028	4
42774	8
45027	3
44283	0
47717	5
53185	4
54922	3
54526	3
42850	3
41467	7
49416	8
40726	3
44758	0
40893	0
43765	10
44287	6
46581	2
50621	3
56130	3
44499	5
44936	6
49525	0
42162	10
53744	3
44845	4
56267	8
51965	7
46194	7
40677	3
50488	4
51871	0
45012	1
45232	4
55297	1
49138	5
53223	8
41935	4
52269	9
49880	4
51483	3
51570	8
49476	0
41893	7
42805	9
41489	3
40711	1
49393	2
41623	3
51004	5
41280	9
49131	2
51908	3
44358	7
56168	7
56160	3
45136	0
42618	2
50863	2
45133	3
53344	10
44047	1
41094	3
47482	8
51683	6
45179	6
50897	0
50468	3
40832	3
45525	5
56155	9
43746	9
55328	2
54591	1
41485	10
44175	6
48260	9
47778	6
47904	2
50681	3
42910	2
41441	3
41216	1
47558	2
40558	1
52805	2
41611	5
44388	6
42777	3
45072	1
51205	8
52030	5
43340	0
40695	6
53196	3
50023	2
51543	3
52504	10
43215	5
53321	3
45554	9
47849	7
54150	7
40721	0
46626	0
50760	8
45680	5
53746	3
47022	0
52751	3
53576	0
47208	10
51756	3
46026	4
53400	3
51326	10
46018	0
50111	7
51755	7
52439	2
55358	7
45976	3
42941	3
41330	0
48450	3
49316	1
41987	4
43108	0
41516	10
51622	8
55091	8
53527	0
50627	8
53613	3
46668	1
53351	3
41862	9
43674	2
45969	0
46975	9
51277	10
50054	3
49362	4
54483	8
51143	10
51918	6
41322	1
43407	3
49312	3
49058	7
43541	3
49836	9
42150	3
42633	8
41668	0
53082	0
51953	0
42412	9
46182	0
45973	6
49396	2
46885	8
53731	0
54602	1
42926	1
56205	0
48529	8
54434	8
45797	9
53439	8
53514	2
54822	4
48438	6
42667	6
54510	3
56072	1
41443	3
51299	6
53044	9
43139	1
55726	1
44346	0
53465	2
52082	6
45787	0
44700	3
51296	0
56114	3
49080	3
48134	8
52911	10
53594	3
47655	10
52431	10
50558	7
55289	5
55113	8
56193	3
52724	3
47951	8
56360	0
49722	0
49460	0
48036	3
43480	6
43566	9
48297	7
46204	1
49418	3
51417	2
48289	3
43001	8
40612	3
41827	6
53932	3
44813	1
55535	2
46595	2
51117	6
49506	3
42655	8
49244	3
53975	1
43473	3
49464	6
55664	3
50289	3
49893	3
49631	3
45516	8
53233	1
49634	8
43426	7
41037	2
46071	1
43863	8
56055	10
48586	2
43989	4
43552	3
52671	5
54315	5
44201	3
46892	1
56011	3
40937	0
43856	5
51754	10
44547	2
55270	5
49753	1
48194	8
52005	0
41986	7
46321	5
51743	0
55212	0
51052	3
42541	0
42145	0
47453	10
44372	6
48666	3
48498	10
46659	0
44061	1
44498	2
49798	8
53012	10
54824	3
55307	8
52006	1
51527	3
55956	8
55129	1
41761	10
45968	2
55477	10
48794	8
40983	8
49612	3
45497	8
51485	6
47537	8
43202	10
47833	7
43844	8
41970	3
48795	9
50607	2
41667	2
49007	8
54339	3
42663	3
49091	7
47472	0
41055	5
51785	10
49437	6
45356	10
42133	2
45568	9
50553	3
45178	3
40614	2
43578	9
47484	10
46731	1
49946	5
44429	1
45823	6
54072	9
42755	5
45474	1
48251	2
50983	1
43258	4
40660	5
49988	1
54418	8
47656	0
43612	7
42988	0
51812	5
40610	4
52810	10
53407	0
55634	6
40560	3
46297	10
49900	10
41606	5
48034	9
53502	8
56402	0
42517	5
49805	1
43649	10
55755	9
55459	10
54790	1
49501	4
55492	7
49889	0
54057	1
49493	0
52404	1
42130	10
40605	10
54314	8
41860	6
45945	9
50930	3
52970	3
48881	3
54490	4
55014	10
44900	8
43812	9
44638	8
45321	1
48535	3
41415	0
45287	8
45466	10
53916	3
42681	5
49801	8
52746	2
53699	5
55216	1
51396	3
50914	0
44926	2
44148	0
54870	1
52266	8
42548	6
42798	1
40978	4
48360	7
48277	9
43493	5
41104	0
47491	3
47095	3
49577	7
